Id	A11_Mem_12	A12_Mem_13	A7_Mem_7	B11_Mem_27	B5_Mem_19	B7_Mem_21	C10_Mem_42	C2_Mem_30	C4_Mem_32	C9_Mem_40	A10_Mem_10	B9_Mem_24	C1_Mem_29	C11_Mem_44	C7_Mem_36	C8_Mem_38	D1_Mem_46	D2_Mem_47	D3_Mem_49	D4_Mem_54	A3_Mem_3	B1_Mem_14	B10_Mem_25	B2_Mem_15	B3_Mem_16	B4_Mem_18	B8_Mem_22	C12_Mem_45	C3_Mem_31	C6_Mem_34	A1_Mem_1	A2_Mem_2	A4_Mem_4	A5_Mem_5	A6_Mem_6	A8_Mem_8	A9_Mem_9	B12_Mem_28	B6_Mem_20	C5_Mem_33	norm.A11_Mem_12	norm.A12_Mem_13	norm.A7_Mem_7	norm.B11_Mem_27	norm.B5_Mem_19	norm.B7_Mem_21	norm.C10_Mem_42	norm.C2_Mem_30	norm.C4_Mem_32	norm.C9_Mem_40	norm.A10_Mem_10	norm.B9_Mem_24	norm.C1_Mem_29	norm.C11_Mem_44	norm.C7_Mem_36	norm.C8_Mem_38	norm.D1_Mem_46	norm.D2_Mem_47	norm.D3_Mem_49	norm.D4_Mem_54	norm.A3_Mem_3	norm.B1_Mem_14	norm.B10_Mem_25	norm.B2_Mem_15	norm.B3_Mem_16	norm.B4_Mem_18	norm.B8_Mem_22	norm.C12_Mem_45	norm.C3_Mem_31	norm.C6_Mem_34	norm.A1_Mem_1	norm.A2_Mem_2	norm.A4_Mem_4	norm.A5_Mem_5	norm.A6_Mem_6	norm.A8_Mem_8	norm.A9_Mem_9	norm.B12_Mem_28	norm.B6_Mem_20	norm.C5_Mem_33	baseMean	Control	Combination	Cort	Pregnanedione	FoldChange	log2FoldChange	stat	pvalue	padj	dispGeneEst	dispFit	dispMAP	dispersion	betaConv	maxCooks
ENSGALG00000009594	75	82	100	65	188	106	101	118	99	108	59	91	79	71	77	102	105	106	84	87	118	100	98	101	90	99	119	87	80	103	150	110	106	118	129	132	139	142	137	167	80	91	111	83	150	114	102	106	91	104	66	89	77	86	83	96	112	116	89	84	105	98	87	91	84	84	104	93	88	96	154	120	110	111	111	118	162	150	110	154	104.01	103	90	93	130	1.45	0.536	5.038	4.70200968239214e-07	0.00134305069894727	0.0159	0.0256	0.017	0.017	TRUE	0.0465
ENSGALG00000015193	109	93	75	67	119	81	81	90	73	84	114	82	73	71	55	125	71	98	97	62	128	96	71	90	92	97	137	80	63	128	158	131	69	112	179	123	109	106	173	120	116	104	84	86	95	87	82	81	67	81	127	81	71	86	59	118	76	107	103	60	114	94	63	81	86	82	119	85	69	119	162	143	72	106	155	110	127	112	139	110	97.93	88	89	91	124	1.478	0.564	4.403	1.06710349140765e-05	0.0076200081815601	0.0288	0.0263	0.0285	0.0285	TRUE	0.2386
ENSGALG00000006520	682	611	522	376	527	533	417	272	650	414	487	349	298	153	411	662	251	677	481	201	514	563	218	520	373	271	572	468	309	581	934	1067	451	738	886	849	628	580	496	739	728	681	581	480	419	574	423	244	598	398	543	343	289	186	441	623	267	743	512	194	457	553	194	466	347	229	498	499	340	539	960	1164	468	697	765	756	733	612	397	680	515.66	513	414	412	723	1.892	0.92	4.168	3.06822643741018e-05	0.0123369977415139	0.1125	0.0161	0.0997	0.1125	TRUE	0.0182
ENSGALG00000016635	133	63	101	16	91	74	97	60	79	66	84	62	49	54	37	120	59	73	48	44	85	90	36	61	67	68	91	71	42	63	135	107	62	105	159	112	69	83	100	107	142	70	112	20	72	80	98	54	73	63	94	61	47	66	40	113	63	80	51	43	76	88	32	55	62	57	79	76	46	58	139	117	64	99	137	100	81	88	80	99	76.9	78	66	63	100	1.684	0.752	4.132	3.59931081267181e-05	0.0123369977415139	0.0701	0.0298	0.0647	0.0647	TRUE	0.042
ENSGALG00000041013	109	72	87	101	119	84	87	90	99	74	81	83	88	59	67	95	71	95	87	59	92	107	77	83	84	106	86	77	75	87	107	128	93	102	121	100	103	98	120	112	116	80	97	129	95	90	88	81	91	71	90	81	85	72	72	89	76	104	93	57	82	105	69	74	78	90	75	82	83	81	110	140	97	96	104	89	120	103	96	103	90.9	94	82	82	106	1.32	0.4	4.172	3.02268432453778e-05	0.0123369977415139	0.0075	0.0273	0.0106	0.0106	TRUE	0.0831
ENSGALG00000001956	58	69	55	76	106	67	54	65	59	87	53	78	83	45	45	78	42	65	44	34	83	60	66	67	40	43	103	61	74	79	104	69	101	97	131	75	67	71	119	103	62	77	61	97	84	72	55	58	54	84	59	77	80	55	48	73	45	71	47	33	74	59	59	60	37	36	90	65	81	73	107	75	105	92	113	67	78	75	95	95	70.74	70	59	63	90	1.549	0.632	4.094	4.23217597959473e-05	0.0139482753727489	0.0433	0.0312	0.0417	0.0417	TRUE	0.0519
ENSGALG00000011274	780	548	537	284	605	479	443	376	533	467	576	635	519	376	313	727	423	658	438	361	608	780	339	502	505	452	539	487	317	466	1050	792	515	776	1100	746	448	636	731	740	833	611	598	363	481	515	449	338	490	448	642	623	503	458	336	684	451	722	466	349	541	766	302	450	470	382	469	520	349	432	1079	864	535	733	950	664	523	671	586	681	558.26	513	523	468	729	1.482	0.567	4.013	6.00644956541077e-05	0.0173568392072528	0.0492	0.0159	0.0453	0.0453	TRUE	0.1118
ENSGALG00000041634	32	14	16	11	19	16	13	16	29	12	16	15	9	4	7	6	9	19	11	11	10	14	3	10	13	12	13	5	5	5	21	40	15	20	39	13	16	24	15	14	34	16	18	14	15	17	13	14	27	12	18	15	9	5	8	6	10	21	12	11	9	14	3	9	12	10	11	5	6	5	22	44	16	19	34	12	19	25	12	13	14.73	18	12	8	22	2.017	1.012	4.01	6.07661543024373e-05	0.0173568392072528	0.0745	0.0976	0.0786	0.0786	TRUE	0.0178
ENSGALG00000004695	54	16	31	12	31	27	18	10	29	20	18	18	16	13	14	26	14	15	18	13	21	39	6	17	22	13	20	23	9	16	32	39	18	42	49	19	17	28	26	29	58	18	35	15	25	29	18	9	27	19	20	18	15	16	15	24	15	16	19	13	19	38	5	15	20	11	17	25	10	15	33	43	19	40	42	17	20	30	21	27	22.24	25	17	18	29	1.845	0.883	3.864	0.000111681075420909	0.0259450244216766	0.0756	0.0692	0.0746	0.0746	TRUE	0.0671
ENSGALG00000015436	700	690	736	659	975	733	759	728	847	730	624	729	712	560	638	694	694	627	578	724	803	786	635	731	774	812	723	666	621	828	725	643	792	912	924	937	704	804	987	733	747	769	820	842	776	789	770	654	779	701	696	716	690	682	685	653	740	688	615	700	714	772	566	656	720	686	630	711	684	768	745	702	823	862	798	835	822	849	791	675	732.91	765	686	691	790	1.15	0.202	3.827	0.000129727733025548	0.0292536037972611	0.0045	0.0154	0.0052	0.0052	TRUE	0.0245
ENSGALG00000005338	3673	3959	4240	3084	5078	3763	3120	4453	4079	3210	3266	4467	3977	2780	3100	3618	3128	3145	3172	2972	4767	3977	4718	4409	3588	4246	4984	3204	3592	4431	3465	4448	4082	4732	4774	4299	3780	3936	4962	4433	3922	4413	4723	3939	4040	4049	3163	4000	3753	3082	3642	4386	3853	3386	3329	3406	3334	3450	3375	2874	4241	3907	4203	3954	3339	3588	4340	3419	3955	4109	3562	4854	4240	4471	4122	3829	4414	4156	3975	4081	3871.88	3908	3504	3906	4170	1.199	0.262	3.794	0.000147993462105469	0.0312404738292217	0.0109	0.014	0.0109	0.0109	TRUE	0.0643
ENSGALG00000000895	150	122	144	95	202	102	152	159	162	174	99	170	127	116	105	142	131	109	159	147	169	147	138	214	122	181	192	128	113	169	166	156	158	180	184	176	149	179	220	193	160	136	160	121	161	110	154	143	149	167	110	167	123	141	113	134	140	120	169	142	150	144	123	192	114	153	167	137	124	157	171	170	164	170	159	157	174	189	176	178	149.71	146	136	146	171	1.257	0.33	3.757	0.000171895023670031	0.0334765558597385	0.0097	0.0219	0.0114	0.0114	TRUE	0.0664
ENSGALG00000011994	40	32	25	15	22	11	29	20	23	17	30	23	24	18	12	24	10	34	10	11	15	30	19	8	15	18	25	12	9	36	55	37	33	33	67	30	21	24	38	33	43	36	28	19	18	12	29	18	21	16	33	23	23	22	13	23	11	37	11	11	13	29	17	7	14	15	22	13	10	33	57	40	34	31	58	27	25	25	30	30	24.43	24	21	17	36	1.869	0.902	3.76	0.000170191304257102	0.0334765558597385	0.1008	0.0643	0.0953	0.0953	TRUE	0.1066
ENSGALG00000002375	172	145	143	156	229	145	162	169	172	155	141	154	183	106	127	176	124	129	146	153	201	167	165	146	154	164	213	122	115	225	235	171	159	146	244	181	159	163	327	204	184	162	159	199	182	156	164	152	158	149	157	151	177	129	136	166	132	141	155	148	179	164	147	131	143	139	185	130	127	209	242	187	165	138	211	161	186	172	262	188	165.58	166	149	155	191	1.292	0.369	3.723	0.000196949650563041	0.0363899807227056	0.0161	0.0212	0.0171	0.0171	TRUE	0.0511
ENSGALG00000021340	184	83	147	79	204	100	103	105	97	114	126	109	95	124	85	148	100	132	164	71	179	223	86	109	109	81	190	83	69	109	107	185	193	153	163	128	120	159	123	139	196	93	164	101	162	108	104	94	89	109	140	107	92	151	91	139	107	145	175	69	159	219	77	98	101	68	165	89	76	101	110	202	200	145	141	114	140	168	99	128	125.91	122	122	115	145	1.334	0.416	3.649	0.000263358189120977	0.0417910430106972	0.0224	0.0235	0.0225	0.0225	TRUE	0.0449
ENSGALG00000039216	238	164	197	67	222	164	175	81	135	133	138	162	73	79	61	218	96	135	141	87	173	160	79	94	119	120	117	107	74	128	226	241	168	171	200	138	153	187	92	235	254	183	219	86	177	176	177	73	124	128	154	159	71	96	66	205	102	148	150	84	154	157	70	84	111	101	102	114	81	119	232	263	175	162	173	123	179	197	74	216	142.99	160	124	109	179	1.59	0.669	3.65	0.000262735806205971	0.0417910430106972	0.0789	0.0223	0.0719	0.0719	TRUE	0.0709
ENSGALG00000011708	492	345	485	186	463	298	333	238	373	319	377	441	251	167	192	393	226	371	253	199	375	306	148	291	289	258	305	185	183	297	536	443	295	425	579	398	312	447	322	483	525	385	540	238	368	321	338	214	343	306	420	433	243	203	206	370	241	407	269	192	334	301	132	261	269	218	266	197	201	275	551	483	306	402	500	355	364	472	258	445	328.82	358	298	245	414	1.476	0.562	3.633	0.000280567784799929	0.0437124608718289	0.0571	0.0174	0.0532	0.0532	TRUE	0.139
ENSGALG00000000529	52	43	34	26	50	33	38	51	45	38	37	27	64	31	30	58	35	37	23	23	44	52	56	32	30	44	105	33	33	48	47	53	34	36	167	50	51	41	156	64	56	48	38	33	40	36	39	46	41	36	41	27	62	38	32	55	37	41	24	22	39	51	50	29	28	37	91	35	36	45	48	58	35	34	144	45	60	43	125	59	47.08	41	38	44	65	1.782	0.833	3.619	0.000295400030254455	0.0444084712149197	0.1122	0.0399	0.1032	0.1032	TRUE	0.0858
ENSGALG00000017652	32	28	26	31	61	34	56	26	29	38	29	36	21	22	27	48	41	31	31	33	57	47	15	80	56	22	31	40	23	37	39	62	37	68	72	38	38	85	57	85	34	31	29	40	49	37	57	23	27	36	32	35	20	27	29	45	44	34	33	32	51	46	13	72	52	19	27	43	25	34	40	68	38	64	62	34	44	90	46	78	41.01	36	33	38	56	1.734	0.794	3.622	0.000292572121993485	0.0444084712149197	0.0956	0.0438	0.0887	0.0887	TRUE	0.0907
ENSGALG00000012631	150	130	120	126	189	123	133	136	130	141	109	117	153	97	125	164	129	112	120	149	142	153	156	142	122	143	174	136	134	169	178	176	154	153	180	179	130	131	195	169	160	145	134	161	150	132	135	122	120	135	122	115	148	118	134	154	137	123	128	144	126	150	139	127	114	121	152	145	148	157	183	192	160	145	155	159	152	138	156	156	142.31	139	132	138	160	1.206	0.271	3.605	0.000311678947374983	0.0445129483342705	0.0038	0.0224	0.0063	0.0063	TRUE	0.0308
ENSGALG00000036775	66	28	54	22	68	45	36	34	56	28	52	26	35	41	25	59	26	50	65	31	66	60	29	22	61	47	68	35	18	40	47	44	52	53	125	55	39	26	94	52	70	31	60	28	54	48	37	31	52	27	58	26	34	50	27	56	28	55	69	30	59	59	26	20	57	40	59	37	20	37	48	48	54	50	108	49	46	27	75	48	45.9	44	43	41	55	1.496	0.581	3.585	0.000337658803096256	0.046667714253739	0.0396	0.0406	0.0397	0.0397	TRUE	0.1547
ENSGALG00000013244	108	73	124	25	115	83	98	45	102	74	104	125	64	50	54	82	34	70	57	36	61	89	49	68	78	70	83	90	49	72	125	127	74	104	161	116	82	131	85	117	115	81	138	32	91	89	99	40	94	71	116	123	62	61	58	77	36	77	61	35	54	87	44	61	73	59	72	96	54	67	129	139	77	98	139	103	96	138	68	108	82.97	85	71	67	110	1.631	0.706	3.57	0.000356531723043181	0.0484939735675717	0.0877	0.0286	0.0799	0.0799	TRUE	0.1936
ENSGALG00000039659	11	11	24	17	12	12	17	20	20	6	6	6	5	8	12	8	11	15	15	12	13	24	5	13	13	11	19	14	7	17	25	20	16	36	7	14	20	21	40	13	12	12	27	22	10	13	17	18	18	6	7	6	5	10	13	8	12	16	16	12	12	24	4	12	12	9	17	15	8	16	26	22	17	34	6	12	23	22	32	12	14.79	16	10	13	21	2.034	1.024	3.559	0.000371736739043986	0.0490063402595064	0.1245	0.0973	0.1203	0.1203	TRUE	0.0488
