Id	A11_Mem_12	A12_Mem_13	A7_Mem_7	B11_Mem_27	B5_Mem_19	B7_Mem_21	C10_Mem_42	C2_Mem_30	C4_Mem_32	C9_Mem_40	A10_Mem_10	B9_Mem_24	C1_Mem_29	C11_Mem_44	C7_Mem_36	C8_Mem_38	D1_Mem_46	D2_Mem_47	D3_Mem_49	D4_Mem_54	A3_Mem_3	B1_Mem_14	B10_Mem_25	B2_Mem_15	B3_Mem_16	B4_Mem_18	B8_Mem_22	C12_Mem_45	C3_Mem_31	C6_Mem_34	A1_Mem_1	A2_Mem_2	A4_Mem_4	A5_Mem_5	A6_Mem_6	A8_Mem_8	A9_Mem_9	B12_Mem_28	B6_Mem_20	C5_Mem_33	norm.A11_Mem_12	norm.A12_Mem_13	norm.A7_Mem_7	norm.B11_Mem_27	norm.B5_Mem_19	norm.B7_Mem_21	norm.C10_Mem_42	norm.C2_Mem_30	norm.C4_Mem_32	norm.C9_Mem_40	norm.A10_Mem_10	norm.B9_Mem_24	norm.C1_Mem_29	norm.C11_Mem_44	norm.C7_Mem_36	norm.C8_Mem_38	norm.D1_Mem_46	norm.D2_Mem_47	norm.D3_Mem_49	norm.D4_Mem_54	norm.A3_Mem_3	norm.B1_Mem_14	norm.B10_Mem_25	norm.B2_Mem_15	norm.B3_Mem_16	norm.B4_Mem_18	norm.B8_Mem_22	norm.C12_Mem_45	norm.C3_Mem_31	norm.C6_Mem_34	norm.A1_Mem_1	norm.A2_Mem_2	norm.A4_Mem_4	norm.A5_Mem_5	norm.A6_Mem_6	norm.A8_Mem_8	norm.A9_Mem_9	norm.B12_Mem_28	norm.B6_Mem_20	norm.C5_Mem_33	baseMean	Control	Combination	Cort	Pregnanedione	FoldChange	log2FoldChange	stat	pvalue	padj	dispGeneEst	dispFit	dispMAP	dispersion	betaConv	maxCooks
ENSGALG00000037050	350	441	386	456	612	464	518	700	463	732	398	608	559	455	525	467	627	489	567	697	542	444	893	785	684	754	470	658	594	426	430	321	435	332	299	431	392	394	470	410	374	492	430	582	487	499	525	629	426	703	444	597	542	554	564	440	668	536	603	674	482	436	796	704	636	637	409	702	654	395	442	350	452	314	258	384	458	416	377	377	511.2	515	562	585	383	0.655	-0.61	-5.63	1.80681615056593e-08	0.000154826075941994	0.0277	0.0161	0.0254	0.0254	TRUE	0.0812
ENSGALG00000006202	52	43	25	22	74	36	40	51	41	45	58	89	48	46	45	59	54	83	97	97	63	44	90	83	63	102	43	70	65	73	25	45	45	32	33	46	35	43	31	36	56	48	28	28	59	39	41	46	38	43	65	87	46	56	48	56	58	91	103	94	56	43	80	74	59	86	37	75	72	68	26	49	47	30	28	41	41	45	25	33	53.6	43	70	65	36	0.515	-0.958	-5.485	4.13737539352725e-08	0.000177265848735675	0.0533	0.0367	0.0509	0.0509	TRUE	0.0324
ENSGALG00000043137	40	41	34	24	46	23	26	35	27	35	48	65	54	39	44	53	44	45	63	57	50	44	63	42	60	53	71	55	44	45	48	28	27	27	37	34	27	41	46	41	43	46	38	31	37	25	26	31	25	34	54	64	52	48	47	50	47	49	67	55	44	43	56	38	56	45	62	59	48	42	49	31	28	26	32	30	32	43	37	38	42.63	34	53	49	35	0.651	-0.619	-4.809	1.52022277295507e-06	0.003256697235363	0.0078	0.0427	0.0151	0.0151	TRUE	0.0736
ENSGALG00000002957	7	13	10	13	50	23	36	46	47	46	11	33	48	13	35	16	54	22	34	58	26	13	83	49	21	45	26	21	35	55	8	8	14	13	11	37	12	7	21	20	7	14	11	17	40	25	37	41	43	44	12	32	46	16	38	15	58	24	36	56	23	13	74	44	20	38	23	22	39	51	8	9	15	12	9	33	14	7	17	18	27.55	28	33	35	14	0.398	-1.33	-4.76	1.94030237285556e-06	0.00332529020659986	0.1434	0.0585	0.1307	0.1307	TRUE	0.2076
ENSGALG00000054926	187	159	196	77	182	93	112	183	123	114	225	288	174	314	103	105	233	235	257	235	324	236	130	184	181	278	106	209	168	104	60	184	138	39	151	97	57	167	86	87	200	177	218	98	145	100	114	164	113	109	251	283	169	382	111	99	248	258	273	227	288	232	116	165	168	235	92	223	185	96	62	201	143	37	130	86	67	176	69	80	164.8	144	230	180	105	0.473	-1.081	-4.719	2.36665856175671e-06	0.0033799828692822	0.1312	0.0212	0.1163	0.1163	TRUE	0.0666
ENSGALG00000054505	89	111	63	98	100	75	109	164	125	110	87	127	123	96	99	128	93	101	109	116	131	96	147	112	138	129	119	101	80	91	94	77	81	59	78	53	60	90	118	85	95	124	70	125	80	81	111	147	115	106	97	125	119	117	106	121	99	111	116	112	117	94	131	100	128	109	104	108	88	84	97	84	84	56	67	47	70	95	95	78	100.3	105	112	106	77	0.68	-0.557	-4.621	3.82669518190633e-06	0.00468442157339362	0.0228	0.026	0.0232	0.0232	TRUE	0.0833
ENSGALG00000003374	401	345	529	379	615	395	464	652	567	595	466	482	443	429	420	399	530	409	534	833	627	437	639	582	724	659	491	477	488	387	322	254	399	404	402	479	355	369	449	341	428	385	589	484	489	425	470	586	522	571	520	473	429	523	451	376	565	449	568	805	558	429	569	522	674	557	428	509	537	359	331	277	414	382	347	427	414	390	360	314	472.63	495	516	514	366	0.704	-0.507	-4.553	5.28580047387372e-06	0.00468565099840064	0.0284	0.0163	0.0268	0.0268	TRUE	0.2304
ENSGALG00000011220	40	52	56	52	96	53	68	64	70	53	51	77	63	60	64	60	68	68	87	82	90	74	62	85	63	69	53	58	52	72	38	38	40	50	59	62	40	63	65	57	43	58	62	66	76	57	69	57	64	51	57	76	61	73	69	56	72	75	93	79	80	73	55	76	59	58	46	62	57	67	39	41	42	47	51	55	47	67	52	52	61.04	60	71	63	49	0.694	-0.527	-4.549	5.37979537946571e-06	0.00468565099840064	0.0107	0.0339	0.0144	0.0144	TRUE	0.0368
ENSGALG00000013632	133	143	133	95	192	113	135	164	180	170	213	210	224	197	236	154	164	201	189	242	168	155	260	238	232	242	263	242	213	294	168	162	143	177	162	213	130	139	190	171	142	159	148	121	153	122	137	147	166	163	237	206	217	240	253	145	175	220	201	234	149	152	232	213	216	205	229	258	235	273	173	177	149	167	140	190	152	147	152	157	183.81	146	213	216	160	0.741	-0.432	-4.546	5.46814213840663e-06	0.00468565099840064	0.0152	0.0204	0.0157	0.0157	TRUE	0.0484
ENSGALG00000050533	137	134	109	119	128	92	133	170	152	143	111	135	126	83	133	138	161	133	134	138	131	115	134	136	176	174	182	150	159	160	83	65	95	84	123	136	97	95	147	116	146	149	121	152	102	99	135	153	140	137	124	133	122	101	143	130	172	146	143	133	117	113	119	122	164	147	158	160	175	148	85	71	99	79	106	121	113	100	118	107	127.59	133	135	142	100	0.732	-0.451	-4.416	1.00710059841218e-05	0.0076200081815601	0.0148	0.0234	0.0158	0.0158	TRUE	0.0368
ENSGALG00000034020	69	79	91	116	142	99	112	138	106	98	108	109	125	96	96	122	133	113	109	138	147	116	143	167	116	171	110	116	120	109	77	87	78	96	106	89	81	117	118	89	74	88	101	148	113	107	114	124	98	94	120	107	121	117	103	115	142	124	116	133	131	114	127	150	108	145	96	124	132	101	79	95	81	91	92	79	95	124	95	82	109.92	106	120	123	91	0.747	-0.421	-4.34	1.42490046117559e-05	0.00939228619370282	0.0102	0.0249	0.0125	0.0125	TRUE	0.0639
ENSGALG00000003120	4504	3776	3838	4503	6524	3565	6746	7509	6732	6292	4217	5810	4994	7196	4495	5465	7668	7392	7991	7228	5599	6084	7189	6915	5829	6998	5366	5295	7530	5202	4271	4876	4849	4265	5089	4645	3566	5228	4707	5670	4809	4209	4275	5752	5190	3836	6840	6744	6193	6042	4702	5704	4838	8765	4827	5145	8172	8108	8503	6989	4981	5977	6405	6202	5424	5914	4673	5650	8290	4824	4391	5321	5037	4029	4394	4138	4164	5520	3771	5220	5599.15	5389	6575	5834	4598	0.696	-0.522	-4.136	3.53051232178955e-05	0.0123369977415139	0.0401	0.0139	0.0373	0.0373	TRUE	0.0311
ENSGALG00000007905	1533	1329	1208	1369	1830	1656	1517	1727	1717	1524	1489	1925	1716	1365	1650	1763	1576	1514	1816	1745	2080	1583	1821	1812	1759	1981	1978	1867	1587	1962	1656	1322	1390	1432	1459	1806	1381	1493	1623	1785	1637	1481	1346	1749	1456	1782	1538	1551	1580	1463	1660	1890	1662	1663	1772	1660	1680	1661	1932	1687	1851	1555	1622	1625	1637	1674	1722	1992	1747	1820	1702	1443	1444	1353	1260	1609	1612	1576	1300	1643	1625.92	1558	1727	1724	1494	0.855	-0.226	-4.209	2.5616788175061e-05	0.0123369977415139	0.0056	0.0145	0.0062	0.0062	TRUE	0.0184
ENSGALG00000010166	135	122	159	133	209	157	186	173	192	178	157	193	129	114	168	100	152	153	171	213	180	140	201	183	236	239	145	109	137	125	104	72	145	104	170	122	102	99	132	103	144	136	177	170	166	169	189	155	177	171	175	189	125	139	180	94	162	168	182	206	160	138	179	164	220	202	126	116	151	116	107	79	151	98	147	109	119	105	106	95	149.01	165	162	157	112	0.689	-0.538	-4.262	2.02574929615463e-05	0.0123369977415139	0.0309	0.022	0.0299	0.0299	TRUE	0.0847
ENSGALG00000013304	37	72	48	17	74	41	36	85	59	68	82	64	25	47	44	60	59	46	48	114	56	46	82	104	92	77	76	95	57	77	32	14	24	25	64	20	28	41	63	31	40	80	53	22	59	44	37	76	54	65	91	63	24	57	47	56	63	50	51	110	50	45	73	93	86	65	66	101	63	71	33	15	25	24	55	18	33	43	50	29	54.57	53	61	71	32	0.522	-0.937	-4.133	3.58805941185662e-05	0.0123369977415139	0.1079	0.0363	0.0975	0.0975	TRUE	0.0994
ENSGALG00000013948	31	61	88	84	122	111	79	122	85	95	72	118	149	116	112	43	123	68	96	174	103	97	176	121	151	98	126	89	94	67	76	18	52	56	101	114	34	61	86	42	33	68	98	107	97	119	80	110	78	91	80	116	144	141	120	40	131	75	102	168	92	95	157	109	141	83	110	95	103	62	78	20	54	53	87	102	40	64	69	39	91.29	88	112	105	61	0.53	-0.916	-4.242	2.21176067406646e-05	0.0123369977415139	0.1078	0.0272	0.0968	0.0968	TRUE	0.063
ENSGALG00000023904	2557	2557	3504	2334	4335	2789	2230	4282	2957	3547	3444	3443	2959	2580	2457	2513	3380	2789	2915	3717	4101	3626	4303	4521	4387	3608	3462	3279	2847	2604	2596	1838	2285	1852	3149	2683	1656	2966	2638	2023	2730	2850	3903	2981	3449	3001	2261	3846	2720	3406	3840	3380	2866	3142	2638	2366	3602	3059	3102	3594	3649	3562	3834	4055	4082	3049	3015	3499	3134	2415	2669	2006	2373	1750	2719	2390	1934	3131	2113	1863	2999.46	3115	3159	3429	2295	0.732	-0.449	-4.196	2.72136456571866e-05	0.0123369977415139	0.0277	0.0141	0.0266	0.0266	TRUE	0.0867
ENSGALG00000029270	25657	18799	19143	23896	32403	15518	40656	45898	40528	36182	23033	32982	27350	47038	22962	31952	45305	46675	45962	42854	27885	32260	42169	36751	33184	36480	27892	29381	43564	27360	21812	28488	24566	21435	26338	22057	19218	28407	23390	31523	27393	20953	21323	30525	25777	16698	41223	41224	37285	34742	25682	32380	26495	57291	24656	30081	48283	51197	48905	41436	24810	31692	37569	32962	30877	30831	24288	31352	47962	25373	22424	31091	25517	20251	22739	19647	22439	29992	18737	29023	31078.09	29714	38641	31772	24186	0.623	-0.683	-4.186	2.84212639468759e-05	0.0123369977415139	0.0689	0.0137	0.0625	0.0625	TRUE	0.0298
ENSGALG00000040157	16	25	11	12	20	12	23	33	25	32	20	24	33	16	27	28	29	22	21	26	15	22	38	35	25	33	21	26	30	31	16	14	20	23	14	14	23	16	14	15	17	28	12	15	16	13	23	30	23	31	22	24	32	19	29	26	31	24	22	25	13	22	34	31	23	28	18	28	33	29	16	15	21	22	12	12	27	17	11	14	22.25	21	25	26	17	0.608	-0.717	-4.138	3.49694365871538e-05	0.0123369977415139	6e-04	0.0692	0.0207	0.0207	TRUE	0.0641
ENSGALG00000042767	116	132	173	161	224	192	190	190	193	177	227	198	194	147	195	146	216	167	168	249	206	166	270	242	273	248	208	181	178	193	122	119	155	128	146	216	128	203	178	126	124	147	193	206	178	207	193	171	178	170	253	194	188	179	209	137	230	183	179	241	183	163	241	217	254	210	181	193	196	179	125	130	161	121	126	192	149	214	143	116	181.35	177	199	202	148	0.728	-0.458	-4.193	2.75505492586417e-05	0.0123369977415139	0.0228	0.0205	0.0221	0.0221	TRUE	0.0962
ENSGALG00000006539	157	130	140	103	212	158	120	157	155	157	133	163	170	122	128	191	159	156	137	177	176	149	178	198	156	186	144	157	135	158	142	100	118	165	166	120	131	103	125	138	168	145	156	132	169	170	122	141	143	151	148	160	165	149	137	180	169	171	146	171	157	146	159	178	145	157	125	168	149	147	146	109	123	156	143	107	153	109	100	127	147.33	150	160	153	127	0.794	-0.333	-4.043	5.27962072055154e-05	0.0167559518349653	0.0071	0.0221	0.0089	0.0089	TRUE	0.0303
ENSGALG00000001252	9894	7814	6408	9970	11758	5546	19176	20537	17664	16578	8587	14442	10785	21535	8059	13384	21465	21320	22336	18680	10912	12821	17061	15475	13889	14415	10092	12571	19342	10391	8634	11700	9193	7434	8544	8479	7112	11938	8369	13809	10563	8709	7138	12736	9354	5968	19443	18446	16250	15918	9574	14179	10448	26229	8654	12600	22876	23386	23766	18062	9709	12595	15200	13879	12923	12183	8788	13414	21295	9636	8876	12769	9549	7023	7376	7553	8304	12604	6704	12714	12934.85	12452	16977	12962	9347	0.541	-0.887	-4.025	5.7085562375175e-05	0.0173568392072528	0.114	0.0138	0.102	0.114	TRUE	0.0294
ENSGALG00000003107	147	102	142	139	165	151	179	183	191	165	141	209	196	151	180	167	188	181	176	159	187	196	168	203	196	187	164	151	162	149	133	178	141	131	129	137	114	156	129	183	157	114	158	178	131	162	181	164	176	158	157	205	190	184	193	157	200	199	187	154	166	193	150	182	182	158	143	161	178	138	137	194	146	124	111	122	133	165	103	168	161.56	158	183	165	140	0.766	-0.384	-3.993	6.51258020561016e-05	0.0180020321877011	0.0147	0.0213	0.0154	0.0154	TRUE	0.0623
ENSGALG00000004628	76	92	67	84	113	91	73	106	92	94	80	100	134	88	86	83	103	106	90	120	97	89	101	75	76	108	88	90	68	90	89	77	76	83	105	96	45	74	111	80	81	103	75	107	90	98	74	95	85	90	89	98	130	107	92	78	110	116	96	116	86	87	90	67	71	91	77	96	75	83	91	84	79	78	91	86	53	78	89	74	88.91	90	103	82	80	0.773	-0.371	-3.97	7.18497910579367e-05	0.0192400268617331	0.006	0.0276	0.0095	0.0095	TRUE	0.0581
ENSGALG00000008890	36604	26457	29360	31077	48322	22085	57913	64253	56426	52202	35533	48035	34046	62005	31843	44851	54365	57168	64432	62942	40256	38403	56203	50338	48317	50294	39088	43522	56685	39949	26717	40466	34445	31231	38536	31502	28887	40697	34238	43523	39081	29489	32703	39698	38441	23764	58720	57710	51910	50124	39619	47159	32981	75521	34192	42225	57938	62707	68558	60860	35816	37727	50072	45148	44957	42506	34038	46442	62408	37048	27467	44163	35779	29506	33270	28060	33728	42968	27428	40072	43050	42164	52176	43616	34244	0.655	-0.609	-3.962	7.4468062433451e-05	0.0193368735452194	0.0603	0.0137	0.0556	0.0556	TRUE	0.0303
ENSGALG00000017050	16	11	6	12	10	17	15	23	19	18	14	13	24	11	32	4	14	11	11	27	13	10	23	22	27	33	17	18	25	14	3	5	11	4	9	16	6	11	18	6	17	12	7	15	8	18	15	21	17	17	16	13	23	13	34	4	15	12	12	26	12	10	20	20	25	28	15	19	28	13	3	5	11	4	8	14	7	12	14	6	14.74	15	17	19	8	0.483	-1.05	-3.928	8.55334627040466e-05	0.0215569482914993	0.0737	0.0975	0.0784	0.0784	TRUE	0.0508
ENSGALG00000031754	9	14	21	28	41	21	27	27	31	26	29	33	33	27	40	14	34	25	41	42	28	25	42	47	29	41	39	18	35	23	24	14	36	16	8	25	12	18	29	16	10	16	23	36	33	23	27	24	29	25	32	32	32	33	43	13	36	27	44	41	25	25	37	42	27	35	34	19	39	21	25	15	37	15	7	22	14	19	23	15	26.87	25	33	30	19	0.565	-0.824	-3.88	0.000104641823244876	0.0256193080967241	0.066	0.0597	0.0649	0.0649	TRUE	0.185
ENSGALG00000007300	77	60	60	78	115	71	73	111	83	83	118	102	127	76	129	77	88	133	129	75	71	96	118	129	116	111	144	79	60	116	89	77	64	70	122	64	49	59	107	82	82	67	67	100	91	76	74	100	76	80	132	100	123	93	139	72	94	146	137	73	63	94	105	116	108	94	125	84	66	108	91	84	66	66	105	57	57	62	86	75	90.89	81	111	96	75	0.69	-0.536	-3.863	0.000112027763286502	0.0259450244216766	0.0349	0.0273	0.034	0.034	TRUE	0.0429
ENSGALG00000041921	50	51	47	30	75	52	56	61	52	42	71	103	62	84	69	46	111	128	101	101	66	55	103	124	144	124	61	68	54	95	88	50	50	41	64	50	45	83	50	59	53	57	52	38	60	56	57	55	48	40	79	101	60	102	74	43	118	140	107	98	59	54	92	111	134	105	53	73	59	88	90	55	52	39	55	45	53	88	40	54	70.95	52	92	83	57	0.613	-0.707	-3.808	0.000139935399671761	0.0307463189689056	0.0718	0.0311	0.0667	0.0667	TRUE	0.0549
ENSGALG00000006751	48137	34175	34074	39933	55495	27741	67237	72578	65470	59250	38897	56009	50040	77096	37919	55828	81848	80590	79201	66951	48358	59123	67266	62667	51326	62157	46807	50706	69607	49105	38426	57912	41351	37250	46273	37467	33364	51260	38150	58605	51394	38091	37953	51010	44147	29850	68174	65187	60230	56892	43370	54987	48475	93901	40716	52560	87227	88398	84272	64736	43025	58082	59928	56205	47757	52532	40760	54108	76634	45539	39504	63203	42952	35192	39950	33374	38956	54120	30561	53957	53197.82	50293	65864	53457	43177	0.657	-0.606	-3.792	0.000149475951335989	0.0312404738292217	0.0665	0.0137	0.0601	0.0601	TRUE	0.0389
ENSGALG00000011392	109	78	93	56	114	72	107	109	94	80	96	95	113	108	91	105	117	133	119	158	100	86	106	117	124	123	123	132	108	137	89	76	60	88	103	93	84	68	149	114	116	87	104	72	91	77	108	98	86	77	107	93	109	132	98	99	125	146	127	153	89	84	94	105	115	104	107	141	119	127	91	83	62	83	89	83	98	72	119	105	101.9	92	119	108	88	0.745	-0.425	-3.764	0.000167201876267833	0.0334765558597385	0.0193	0.0258	0.0201	0.0201	TRUE	0.0685
ENSGALG00000042148	49	43	47	23	71	33	38	38	38	39	56	67	54	58	70	60	64	99	55	86	68	72	74	70	58	55	87	67	64	99	55	43	33	55	57	44	27	61	57	65	52	48	52	29	56	36	39	34	35	37	62	66	52	71	75	56	68	109	59	83	61	71	66	63	54	46	76	71	70	92	57	47	34	52	49	39	32	64	46	60	56.74	42	70	67	48	0.694	-0.528	-3.733	0.000189160310380548	0.0360203266589093	0.0284	0.0355	0.0294	0.0294	TRUE	0.1277
ENSGALG00000004002	127	162	140	164	161	112	209	240	185	229	157	179	191	162	181	186	192	181	176	205	176	154	250	215	219	203	160	174	179	150	175	122	151	126	150	154	121	180	154	199	136	181	156	209	128	121	212	216	170	220	175	176	185	197	194	175	205	199	187	198	157	151	223	193	204	172	139	186	197	139	180	133	157	119	130	137	141	190	123	183	172.31	175	189	176	149	0.767	-0.382	-3.72	0.000199594946197592	0.0363899807227056	0.0185	0.0209	0.0187	0.0187	TRUE	0.0621
ENSGALG00000032746	57	87	53	142	152	112	146	133	114	140	103	103	209	74	363	61	120	160	144	242	80	99	389	266	172	316	157	159	311	134	132	57	124	92	83	140	67	72	158	68	61	97	59	181	121	121	148	119	105	134	115	101	202	90	390	57	128	176	153	234	71	97	347	239	160	267	137	170	342	124	136	62	129	87	72	125	78	76	127	63	142.5	115	165	195	96	0.552	-0.857	-3.713	0.000204913480544763	0.0365813253080848	0.1313	0.0224	0.1166	0.1166	TRUE	0.0589
ENSGALG00000006714	57	55	47	63	79	58	85	115	70	117	57	93	98	79	70	109	74	60	62	84	83	72	137	93	77	94	79	71	75	77	73	52	62	59	54	78	53	70	65	70	61	61	52	80	63	62	86	103	64	112	64	91	95	96	75	103	79	66	66	81	74	71	122	83	72	79	69	76	83	71	75	57	64	56	47	69	62	74	52	64	74.55	74	82	80	62	0.73	-0.454	-3.703	0.000213394690977441	0.0373179409588917	0.0197	0.0303	0.021	0.021	TRUE	0.0615
ENSGALG00000029664	63	65	57	47	77	62	65	76	60	74	64	90	87	51	82	53	71	82	81	98	57	55	83	85	69	93	80	68	60	76	59	56	71	63	55	78	62	65	76	67	67	72	63	60	61	67	66	68	55	71	71	88	84	62	88	50	76	90	86	95	51	54	74	76	64	79	70	73	66	70	61	61	74	60	47	69	72	69	61	62	68.86	65	79	68	64	0.781	-0.357	-3.684	0.000229911816754802	0.0394022871554379	0	0.0316	0.0078	0.0078	TRUE	0.0528
ENSGALG00000042481	22199	17555	17291	21855	28577	14678	29307	32288	30132	27959	18903	26577	23575	32755	20038	26779	31886	32432	34543	31874	24772	25468	35175	31038	24563	31690	25295	24058	32311	25564	19044	24721	21699	19962	24712	20719	17019	23435	21435	28120	23701	19567	19260	27918	22733	15794	29716	29000	27721	26846	21077	26092	22838	39895	21516	25211	33982	35574	36755	30820	22040	25020	31338	27838	22855	26783	22027	25672	35573	23707	19578	26979	22539	18859	21335	18455	19871	24743	17171	25890	25357.2	24226	29376	26285	21542	0.732	-0.451	-3.673	0.00023934164826919	0.0402140898827193	0.0375	0.0137	0.0354	0.0354	TRUE	0.0369
ENSGALG00000035594	78	116	130	74	150	119	109	154	113	86	153	169	178	119	106	143	197	134	131	145	148	104	144	175	145	196	95	142	151	176	88	40	116	128	70	105	129	159	94	181	83	129	145	95	119	128	111	138	104	83	171	166	172	145	114	135	210	147	139	140	132	102	128	157	135	166	83	152	166	163	90	44	120	121	60	94	151	168	75	167	128.67	114	154	138	109	0.669	-0.58	-3.664	0.000248488365455317	0.0409480154535886	0.0549	0.0233	0.051	0.051	TRUE	0.0764
ENSGALG00000000436	131	138	128	83	164	133	129	184	162	158	129	159	231	142	172	159	158	169	126	171	140	153	207	206	145	150	169	138	153	170	129	130	118	139	151	143	144	144	182	166	140	154	143	106	130	143	131	165	149	152	144	156	224	173	185	150	168	185	134	165	125	150	184	185	135	127	147	147	168	158	133	142	123	131	130	127	168	152	146	153	150.7	141	168	153	140	0.816	-0.294	-3.609	0.000307746416944897	0.0445129483342705	0.0073	0.0219	0.009	0.009	TRUE	0.0532
ENSGALG00000030002	2354	2704	1563	4276	2618	1633	3530	4953	3743	4096	2526	4079	3035	3274	2532	3912	4284	4349	3734	3693	3760	2655	4452	4735	3818	3249	2967	3970	4483	2671	3607	2376	2406	1663	1533	1910	2295	3658	2052	3398	2513	3014	1741	5462	2083	1757	3579	4449	3443	3933	2816	4005	2940	3988	2719	3683	4566	4770	3973	3571	3345	2608	3966	4247	3553	2746	2584	4236	4936	2477	3708	2593	2499	1571	1324	1701	2680	3862	1644	3129	3210.32	3197	3703	3470	2471	0.632	-0.662	-3.611	0.000304865421830822	0.0445129483342705	0.0832	0.0141	0.0786	0.0786	TRUE	0.0716
ENSGALG00000000458	75	89	91	141	155	121	119	113	98	137	84	118	129	72	95	111	160	145	143	109	91	138	210	156	115	149	109	152	106	127	113	68	75	90	71	107	111	92	106	96	80	99	101	180	123	130	121	101	90	132	94	116	125	88	102	105	171	159	152	105	81	136	187	140	107	126	95	162	117	118	116	74	78	85	61	95	130	97	85	88	113.8	116	122	127	91	0.71	-0.495	-3.591	0.000329150261111429	0.046237517827276	0.0371	0.0245	0.0349	0.0349	TRUE	0.0517
ENSGALG00000005254	125	135	126	86	185	104	144	155	153	148	114	158	179	115	131	158	123	110	163	176	178	123	189	170	182	196	119	137	146	159	125	89	130	132	131	157	111	100	156	126	133	150	140	110	147	112	146	139	141	142	127	155	173	140	141	149	131	121	173	170	158	121	168	152	169	166	104	146	161	147	129	97	135	125	113	140	130	106	125	116	138.73	136	148	149	122	0.809	-0.306	-3.56	0.000371276726340873	0.0490063402595064	0.0081	0.0226	0.0098	0.0098	TRUE	0.0518
